dim 50 50 50
putEllipsoid 8 8 3 8 8 3 0.9137 0.4862 0.0117 1.0
putEllipsoid 8 8 3 7 7 6 1.0 0.8705 0.0901 1.0
cutBox 0 17 0 17 0 2 1.0 0.870588235 20.011764245
cutBox 0 17 0 17 5 17 1.0 0.870588235 20.011764245
cutBox 0 17 0 1 0 17 1.0 0.870588235 20.011764245
cutBox 0 1 0 17 0 17 1.0 0.870588235 20.011764245
cutBox 16 17 0 17 0 17 1.0 0.870588235 20.011764245
cutBox 0 17 16 17 0 17 1.0 0.870588235 20.011764245
putBox 8 9 4 13 1 6 0.91372549 0.48627451 0.011764245
putBox 6 11 11 12 1 6 0.91372549 0.48627451 0.011764245
putBox 6 11 8 9 1 6 0.91372549 0.48627451 0.011764245
putBox 6 11 5 6 1 6 0.91372549 0.48627451 0.011764245
putBox 5 6 9 11 1 6 0.91372549 0.48627451 0.011764245
putBox 11 12 6 8 1 6 0.91372549 0.48627451 0.011764245
putBox 11 12 10 11 1 6 0.91372549 0.48627451 0.011764245
putBox 5 6 6 7 1 6 0.91372549 0.48627451 0.011764245
putBox 12 13 4 5 2 5 1.0 1.0 1.0 1.0
putBox 2 3 10 12 2 5 1.0 1.0 1.0 1.0
putBox 3 4 13 14 2 5 1.0 1.0 1.0 1.0
putBox 5 7 14 15 2 5 1.0 1.0 1.0 1.0
putBox 4 5 11 12 2 5 1.0 1.0 1.0 1.0